image_size:
- 640
- 480
K:
- - 291.93920140782467
  - 0.0
  - 320.94116703460344
- - 0.0
  - 291.5153026692671
  - 239.39625500278999
- - 0.0
  - 0.0
  - 1.0
dist:
- -0.04977736149207992
- 0.053515166038872373
- -0.0006248457180539882
- -5.560954299776977e-05
- -0.028884200652902304
fx: 291.93920140782467
fy: 291.5153026692671
cx: 320.94116703460344
cy: 239.39625500278999
rms: 0.19370505740998947
mean_reproj_error: 0.1937053270299844
