image_size:
- 640
- 480
K:
- - 295.23695279756276
  - 0.0
  - 319.0679737809036
- - 0.0
  - 294.901295092076
  - 237.1206933407954
- - 0.0
  - 0.0
  - 1.0
dist:
- -0.05499623410303178
- 0.05781999324723517
- -0.0006498058782209076
- 0.0001343006919858641
- -0.03074674551223541
fx: 295.23695279756276
fy: 294.901295092076
cx: 319.0679737809036
cy: 237.1206933407954
rms: 0.18429270981489573
mean_reproj_error: 0.1842927894824779
