image_size:
- 640
- 480
K:
- - 294.9568413837611
  - 0.0
  - 320.3449265272322
- - 0.0
  - 295.04006556448394
  - 234.77465866293227
- - 0.0
  - 0.0
  - 1.0
dist:
- -0.04637123347996426
- 0.049581084947601654
- -0.0032552758248560027
- -0.0009309687514283173
- -0.028175016222092265
fx: 294.9568413837611
fy: 295.04006556448394
cx: 320.3449265272322
cy: 234.77465866293227
rms: 0.18111249532202478
mean_reproj_error: 0.18111252951700124
