image_size:
- 640
- 480
K:
- - 297.5721819022469
  - 0.0
  - 316.4569436112402
- - 0.0
  - 296.9713743329264
  - 237.584606940616
- - 0.0
  - 0.0
  - 1.0
dist:
- -0.052170782659104416
- 0.053457718845865664
- 0.00021502560858731182
- -0.002526498547265498
- -0.02765403019722711
fx: 297.5721819022469
fy: 296.9713743329264
cx: 316.4569436112402
cy: 237.584606940616
rms: 0.1588208767188322
mean_reproj_error: 0.1588207326346325
