image_size:
- 640
- 480
K:
- - 301.1617209632452
  - 0.0
  - 323.55453085643944
- - 0.0
  - 301.60887236126837
  - 239.45892315501703
- - 0.0
  - 0.0
  - 1.0
dist:
- -0.07529912118159579
- 0.09379907518274969
- 0.0011603753894215932
- 0.0007407903639728676
- -0.04805912938622695
fx: 301.1617209632452
fy: 301.60887236126837
cx: 323.55453085643944
cy: 239.45892315501703
rms: 0.24893038958880864
mean_reproj_error: 0.24893039520234017
