image_size:
- 320
- 240
K:
- - 166.3209987355068
  - 0.0
  - 165.228912227503
- - 0.0
  - 165.62325771079816
  - 129.19088558001462
- - 0.0
  - 0.0
  - 1.0
dist:
- -0.10916212285700566
- 0.18242483046520017
- 0.003119706104116956
- 0.001053301774429073
- -0.12154359145793533
fx: 166.3209987355068
fy: 165.62325771079816
cx: 165.228912227503
cy: 129.19088558001462
rms: 0.12302189194520063
mean_reproj_error: 0.12302195842368469
