image_size:
- 640
- 480
K:
- - 623.7918634001203
  - 0.0
  - 327.6501324525251
- - 0.0
  - 623.2335598887898
  - 244.35669089545573
- - 0.0
  - 0.0
  - 1.0
dist:
- 0.050028610859389505
- 1.6401523189796268
- -0.01576130077768504
- -0.003276766807648361
- -6.793343272921202
fx: 623.7918634001203
fy: 623.2335598887898
cx: 327.6501324525251
cy: 244.35669089545573
rms: 0.36836536957464106
mean_reproj_error: 0.3683654573516558
