image_size:
- 640
- 480
K:
- - 468.203140345246
  - 0.0
  - 311.0858163387829
- - 0.0
  - 468.0796126451334
  - 239.04874554077878
- - 0.0
  - 0.0
  - 1.0
dist:
- 0.182391079474649
- -0.13594127967300385
- -0.004139269900456396
- 0.0020644829680304716
- 0.0484335463664112
fx: 468.203140345246
fy: 468.0796126451334
cx: 311.0858163387829
cy: 239.04874554077878
rms: 0.22094293571712234
mean_reproj_error: 0.22094265030760554
