image_size:
- 640
- 480
K:
- - 295.30594157011365
  - 0.0
  - 332.75034924485016
- - 0.0
  - 295.28763934560095
  - 245.0787801533863
- - 0.0
  - 0.0
  - 1.0
dist:
- -0.06484288162744638
- 0.06735250588672541
- 0.0016732133450194791
- -0.0010886298782133291
- -0.03390864090357952
fx: 295.30594157011365
fy: 295.28763934560095
cx: 332.75034924485016
cy: 245.0787801533863
rms: 0.1592987055879562
mean_reproj_error: 0.1592988429692217
