image_size:
- 640
- 480
K:
- - 297.12639752659607
  - 0.0
  - 323.13928958599723
- - 0.0
  - 297.0988804793904
  - 235.54555923490847
- - 0.0
  - 0.0
  - 1.0
dist:
- -0.061415588148915075
- 0.0632210441543964
- 0.0014198418154549408
- -0.0010371453061435484
- -0.03283596905131252
fx: 297.12639752659607
fy: 297.0988804793904
cx: 323.13928958599723
cy: 235.54555923490847
rms: 0.15712651711558762
mean_reproj_error: 0.15712658694754036
