image_size:
- 640
- 480
K:
- - 297.3110621965655
  - 0.0
  - 323.06443928821386
- - 0.0
  - 298.0387354459256
  - 237.92915527413808
- - 0.0
  - 0.0
  - 1.0
dist:
- -0.06980590923546391
- 0.08313514689607
- 0.0006600766934662046
- -0.0001023638255378586
- -0.04334135162949993
fx: 297.3110621965655
fy: 298.0387354459256
cx: 323.06443928821386
cy: 237.92915527413808
rms: 0.24624883626885394
mean_reproj_error: 0.24624865321211875
